20
21
85
122
125
154
162
187
198
225
253
258
269
285
300
333
372
420
432
441
443
552
562
568
596
597
662
694
700
750
764
780
802
809
812
836
857
869
897
898
916
920
978
1034
1057
1072
1088
1125
1126
1130
1143
1182
1184
1190
1202
1247
1251
1266
1275
1289
1303
1349
1355
1368
1382
1415
1478
1484
1490
1513
1540
1556
1559
1561
1606
1630
1747
1759
1781
1787
1795
1851
1874
1910
1972
1975
1976
2013
2038
2049
2145
2164
2214
2219
2228
2335
2336
2347
2368
2407
2445
2503
2504
2505
2508
2511
2512
2514
2526
2537
2542
2543
2544
2546
2548
2549
2550
2552
2553
2556
2558
2561
2562
2565
2571
2576
2586
2588
2589
2590
2591
2593
2601
2605
2609
2617
2620
2621
2623
2624
2629
2632
2634
2637
2642
2646
2652
2655
2658
2663
2668
2670
2671
2673
2674
2676
2685
2686
2689
2695
2697
2703
2707
2711
2715
2716
2717
2718
2719
2720
2721
2722
2726
2728
2735
2737
2741
2742
2743
2745
2747
2750
2752
2754
2755
2759
2761
2764
2765
2767
2769
2774
2780
2782
2786
2789
2792
2794
2796
2797
2804
2807
2809
2814
2820
2821
2828
2836
2842
2844
2845
2846
2851
2853
2855
2864
2865
2869
2870
2873
2878
2879
2884
2885
2888
2889
2893
2897
2899
2900
2901
2903
2905
2908
2913
2923
2926
2928
2936
2938
2939
2943
2944
2949
2952
2953
2956
2957
2961
2962
2968
2970
2972
2974
2975
2980
2981
2982
2984
2987
2991
2992
2994
2997
3009
3010
3013
3018
3019
3025
3027
3028
3030
3037
3040
3042
3043
3046
3058
3061
3063
3065
3067
3070
3072
3076
3077
3081
3084
3085
3093
3096
3099
3100
3102
3110
3123
3125
3126
3128
3129
3130
3134
3135
3136
3140
3142
3145
3147
3152
3158
3161
3164
3165
3166
3167
3171
3175
3177
3178
3179
3180
3183
3186
3190
3192
3196
3201
3206
3208
3213
3214
3219
3223
3226
3228
3229
3231
3233
3234
3236
3237
3244
3245
3248
3252
3253
3256
3261
3263
3277
3278
3287
3290
3292
3293
3295
3296
3300
3308
3311
3319
3321
3326
3334
3337
3338
3340
3341
3342
3343
3348
3351
3352
3357
3358
3359
3361
3362
3363
3369
3371
3372
3375
3377
3383
3390
3397
3399
3403
3407
3408
3409
3419
3421
3425
3431
3433
3434
3438
3439
3442
3444
3445
3446
3448
3455
3456
3459
3460
3463
3471
3473
3476
3482
3486
3488
3489
3490
3493
3494
3495
3498
3499
3500
3501
3504
3509
3510
3511
3512
3513
3517
3523
3524
3527
3540
3541
3548
3552
3553
3554
3558
3559
3563
3567
3568
3571
3574
3575
3576
3578
3581
3582
3583
3591
3592
3597
3598
3600
3601
3602
3604
3605
3613
3614
3615
3618
3620
3625
3631
3637
3644
3646
3648
3651
3655
3662
3674
3678
3680
3687
3690
3693
3697
3698
3706
3707
3709
3710
3711
3718
3725
3726
3730
3740
3742
3747
3749
3752
3753
3754
3757
3758
3760
3763
3765
3770
3773
3774
3781
3783
3787
3789
3794
3795
3796
3798
3804
3805
3810
3812
3813
3815
3816
3822
3828
3829
3834
3835
3838
3839
3840
3841
3842
3844
3845
3847
3848
3851
3852
3860
3869
3871
3875
3879
3882
3893
3894
3898
3899
3901
3902
3906
3907
3911
3919
3920
3923
3927
3933
3934
3937
3938
3940
3941
3948
3951
3952
3955
3957
3959
3960
3969
3970
3972
3973
3975
3977
3986
3988
3989
3990
3991
3994
3995
3999
4014
4019
4020
4021
4022
4034
4036
4037
4039
4042
4050
4054
4055
4057
4062
4068
4070
4079
4080
4087
4091
4092
4094
4096
4100
4101
4104
4107
4109
4111
4112
4114
4118
4121
4122
4125
4128
4129
4131
4138
4150
4151
4153
4154
4157
4165
4183
4184
4187
4190
4192
4200
4202
4204
4210
4211
4214
4215
4223
4226
4228
4234
4236
4241
4243
4255
4257
4259
4260
4261
4262
4267
4268
4275
4277
4279
4284
4290
4292
4296
4297
4298
4300
4306
4312
4314
4315
4322
4328
4331
4333
4334
4335
4338
4343
4344
4345
4347
4350
4352
4354
4359
4361
4362
4364
4366
4374
4377
4378
4383
4385
4387
4388
4392
4400
4407
4411
4417
4420
4421
4423
4426
4430
4433
4434
4435
4439
4443
4446
4450
4452
4453
4454
4455
4457
4458
4461
4465
4467
4481
4492
4494
4495
4498
4499
4503
4504
4505
4509
4511
4512
4513
4514
4520
4521
4526
4528
4529
4530
4531
4534
4536
4545
4548
4550
4553
4555
4559
4565
4566
4572
4573
4575
4577
4580
4583
4584
4588
4592
4598
4600
4604
4608
4610
4620
4621
4622
4625
4631
4634
4637
4638
4642
4645
4649
4650
4657
4662
4665
4668
4671
4676
4681
4682
4683
4689
4693
4696
4698
4703
4704
4705
4713
4715
4721
4725
4726
4727
4728
4731
4732
4733
4737
4739
4740
4744
4745
4751
4754
4755
4758
4761
4762
4763
4765
4767
4769
4771
4776
4779
4780
4781
4782
4784
4788
4793
4794
4805
4806
4810
4813
4814
4824
4826
4827
4830
4831
4832
4833
4835
4842
4849
4856
4865
4877
4886
4890
4897
4898
4902
4906
4907
4908
4909
4911
4913
4917
4919
4920
4921
4925
4930
4935
4937
4938
4940
4949
4953
4956
4959
4963
4964
4965
4966
4967
4968
4970
4972
4981
4985
4991
4997
1
3
6
7
8
9
10
12
13
15
17
18
27
28
31
32
33
34
35
37
38
40
41
43
44
45
46
47
48
49
50
51
52
53
54
55
56
57
